1,	0,	25,	89,	1056.71
1,	1,	19,	16,	1094.03
1,	2,	22,	23,	1074.54
1,	3,	18,	25,	1096.53
1,	4,	13,	60,	1094.44
1,	5,	16,	25,	1088.95
1,	6,	13,	15,	1096.12
1,	7,	17,	58,	1046.76
1,	8,	18,	54,	1071.3
1,	9,	20,	50,	1061.57
1,	10,	19,	84,	1025.75
1,	11,	19,	10,	1090.01
1,	12,	26,	58,	1072.42
1,	13,	13,	63,	1083.06
1,	14,	26,	28,	993.56
1,	15,	25,	10,	1069.79
1,	16,	26,	83,	1050.52
1,	17,	24,	81,	1089.84
1,	18,	22,	15,	1024.71
1,	19,	16,	79,	1034.82
1,	20,	22,	68,	1086.25
1,	21,	25,	37,	1071.84
1,	22,	16,	45,	1074.24
1,	23,	28,	44,	1067.72
2,	0,	11,	46,	1019.57
2,	1,	21,	28,	1069.13
2,	2,	24,	87,	990.65
2,	3,	13,	49,	1070.32
2,	4,	11,	77,	1004.5
2,	5,	22,	13,	1017.27
2,	6,	27,	98,	1081.78
2,	7,	19,	92,	1016.53
2,	8,	22,	95,	1096.09
2,	9,	15,	100,	1004.77
2,	10,	12,	16,	1050.56
2,	11,	23,	86,	1091.2
2,	12,	12,	99,	1083.58
2,	13,	13,	52,	992.76
2,	14,	18,	36,	1037.37
2,	15,	17,	23,	1094.97
2,	16,	24,	100,	1043.65
2,	17,	27,	37,	1095.74
2,	18,	23,	100,	1046.39
2,	19,	26,	43,	1066.06
2,	20,	13,	57,	1048.32
2,	21,	22,	12,	1005.0
2,	22,	14,	41,	1027.29
2,	23,	25,	96,	1043.1
3,	0,	13,	12,	1055.34
3,	1,	12,	66,	990.88
3,	2,	10,	84,	1032.6
3,	3,	24,	63,	998.33
3,	4,	21,	72,	1032.97
3,	5,	18,	72,	1029.32
3,	6,	10,	58,	1087.19
3,	7,	10,	50,	1078.35
3,	8,	17,	39,	1077.29
3,	9,	12,	42,	1096.95
3,	10,	17,	68,	1064.29
3,	11,	21,	38,	1086.02
3,	12,	12,	69,	1084.96
3,	13,	13,	53,	1074.21
3,	14,	16,	17,	1054.14
3,	15,	28,	64,	1069.35
3,	16,	21,	19,	1058.93
3,	17,	12,	82,	1033.3
3,	18,	23,	91,	1040.25
3,	19,	11,	12,	1002.98
3,	20,	24,	13,	990.95
3,	21,	16,	60,	1048.77
3,	22,	10,	69,	1001.97
3,	23,	17,	40,	1023.46
4,	0,	17,	93,	1018.23
4,	1,	28,	91,	1028.3
4,	2,	24,	54,	1057.76
4,	3,	13,	78,	998.88
4,	4,	10,	63,	1087.36
4,	5,	28,	66,	1034.79
4,	6,	27,	69,	1020.63
4,	7,	25,	18,	1052.24
4,	8,	14,	22,	990.34
4,	9,	16,	66,	1009.41
4,	10,	27,	54,	1081.61
4,	11,	28,	89,	1049.84
4,	12,	20,	37,	1071.55
4,	13,	14,	30,	1080.33
4,	14,	27,	21,	1077.49
4,	15,	21,	32,	1041.06
4,	16,	22,	37,	1070.89
4,	17,	17,	60,	1060.73
4,	18,	12,	21,	1059.5
4,	19,	13,	21,	1040.98
4,	20,	26,	74,	1088.83
4,	21,	12,	75,	1038.24
4,	22,	23,	40,	1061.87
4,	23,	19,	30,	1086.29
5,	0,	22,	79,	1037.4
5,	1,	17,	43,	1042.28
5,	2,	13,	36,	1006.51
5,	3,	20,	98,	1019.07
5,	4,	13,	69,	1072.43
5,	5,	27,	88,	1047.69
5,	6,	14,	56,	1068.3
5,	7,	23,	63,	1047.26
5,	8,	23,	89,	1061.39
5,	9,	18,	22,	1064.92
5,	10,	24,	64,	1091.73
5,	11,	25,	87,	1096.96
5,	12,	10,	23,	1018.53
5,	13,	14,	69,	991.95
5,	14,	20,	65,	990.95
5,	15,	21,	20,	1020.27
5,	16,	24,	27,	1030.68
5,	17,	25,	89,	1051.89
5,	18,	11,	15,	1081.03
5,	19,	14,	54,	1003.42
5,	20,	17,	39,	1040.84
5,	21,	27,	21,	1038.43
5,	22,	21,	49,	1066.6
5,	23,	24,	58,	1052.14
6,	0,	27,	34,	1090.84
6,	1,	20,	98,	992.4
6,	2,	18,	15,	1077.38
6,	3,	15,	68,	1014.06
6,	4,	15,	26,	1059.12
6,	5,	12,	78,	1073.99
6,	6,	28,	36,	1087.73
6,	7,	20,	64,	1006.56
6,	8,	13,	40,	1029.7
6,	9,	16,	69,	1034.74
6,	10,	15,	39,	1098.02
6,	11,	22,	83,	1054.0
6,	12,	19,	20,	1033.06
6,	13,	19,	89,	1092.53
6,	14,	10,	85,	1091.84
6,	15,	22,	50,	1016.17
6,	16,	14,	64,	1023.37
6,	17,	11,	88,	1051.99
6,	18,	18,	53,	1087.0
6,	19,	21,	23,	1029.81
6,	20,	24,	24,	1039.82
6,	21,	22,	71,	1087.36
6,	22,	21,	18,	1090.79
6,	23,	10,	96,	1078.31
7,	0,	27,	26,	1044.03
7,	1,	26,	51,	1076.02
7,	2,	19,	43,	996.99
7,	3,	22,	76,	1048.97
7,	4,	14,	11,	1080.72
7,	5,	12,	52,	1080.36
7,	6,	17,	96,	1042.55
7,	7,	22,	76,	1027.74
7,	8,	18,	67,	1048.15
7,	9,	24,	71,	1001.7
7,	10,	18,	33,	1042.24
7,	11,	19,	64,	997.01
7,	12,	17,	96,	1035.85
7,	13,	16,	80,	1003.04
7,	14,	22,	63,	1022.39
7,	15,	26,	27,	1000.18
7,	16,	10,	41,	1047.4
7,	17,	26,	29,	1074.3
7,	18,	14,	92,	1042.2
7,	19,	27,	52,	1019.97
7,	20,	22,	59,	1038.61
7,	21,	14,	38,	1084.36
7,	22,	13,	41,	1036.57
7,	23,	11,	75,	1057.55
8,	0,	15,	51,	1047.87
8,	1,	14,	98,	1045.92
8,	2,	20,	46,	1006.41
8,	3,	11,	40,	995.64
8,	4,	15,	72,	1076.93
8,	5,	22,	100,	1019.51
8,	6,	26,	82,	1027.59
8,	7,	13,	53,	1071.4
8,	8,	24,	36,	1095.03
8,	9,	17,	30,	1051.11
8,	10,	25,	18,	1069.45
8,	11,	27,	50,	1075.19
8,	12,	11,	24,	1018.26
8,	13,	18,	95,	994.87
8,	14,	24,	13,	1058.43
8,	15,	15,	94,	1023.6
8,	16,	18,	30,	1060.3
8,	17,	24,	61,	1047.97
8,	18,	24,	86,	1060.51
8,	19,	22,	38,	1042.65
8,	20,	17,	11,	1077.83
8,	21,	21,	46,	1017.79
8,	22,	25,	64,	1050.0
8,	23,	12,	93,	1048.91
9,	0,	18,	75,	1037.64
9,	1,	14,	74,	1027.57
9,	2,	21,	99,	1095.76
9,	3,	13,	95,	1062.86
9,	4,	28,	23,	1003.1
9,	5,	21,	29,	1087.25
9,	6,	11,	30,	1020.82
9,	7,	14,	64,	1027.13
9,	8,	21,	73,	1008.78
9,	9,	12,	42,	1012.64
9,	10,	28,	52,	993.78
9,	11,	21,	27,	1030.76
9,	12,	18,	40,	1087.94
9,	13,	11,	19,	1038.58
9,	14,	22,	98,	1092.66
9,	15,	10,	85,	1032.91
9,	16,	23,	97,	1025.13
9,	17,	24,	49,	1073.88
9,	18,	24,	14,	1071.66
9,	19,	27,	19,	1003.68
9,	20,	14,	97,	1034.5
9,	21,	24,	59,	1030.04
9,	22,	11,	28,	1083.43
9,	23,	16,	17,	1028.74
10,	0,	11,	57,	1086.54
10,	1,	27,	27,	1028.1
10,	2,	22,	52,	994.88
10,	3,	21,	42,	1026.66
10,	4,	17,	27,	1073.62
10,	5,	23,	69,	1055.09
10,	6,	13,	57,	1093.67
10,	7,	25,	49,	1093.7
10,	8,	17,	55,	1063.63
10,	9,	10,	73,	1071.23
10,	10,	21,	27,	1011.22
10,	11,	24,	62,	1083.21
10,	12,	11,	95,	995.82
10,	13,	19,	84,	1051.23
10,	14,	27,	21,	995.77
10,	15,	16,	18,	1070.52
10,	16,	16,	71,	1087.49
10,	17,	19,	100,	991.75
10,	18,	26,	35,	1041.21
10,	19,	19,	55,	1065.64
10,	20,	19,	41,	1068.22
10,	21,	26,	85,	1027.79
10,	22,	17,	65,	1068.58
10,	23,	14,	76,	1063.62
11,	0,	17,	34,	1046.48
11,	1,	28,	58,	1042.35
11,	2,	11,	86,	1098.67
11,	3,	26,	94,	1047.81
11,	4,	27,	16,	1094.31
11,	5,	27,	57,	999.73
11,	6,	10,	61,	994.23
11,	7,	10,	25,	1033.98
11,	8,	18,	17,	1036.66
11,	9,	27,	95,	1099.54
11,	10,	15,	78,	991.39
11,	11,	18,	30,	1030.22
11,	12,	13,	72,	1021.57
11,	13,	18,	85,	1002.92
11,	14,	18,	28,	1030.16
11,	15,	17,	55,	1006.87
11,	16,	24,	80,	1052.21
11,	17,	24,	99,	991.71
11,	18,	16,	56,	1086.48
11,	19,	21,	20,	1061.85
11,	20,	10,	30,	1083.83
11,	21,	12,	98,	1059.79
11,	22,	14,	53,	1002.03
11,	23,	18,	60,	1077.8
12,	0,	10,	61,	1010.41
12,	1,	19,	15,	1005.67
12,	2,	10,	80,	1016.23
12,	3,	25,	24,	1062.31
12,	4,	16,	60,	1043.07
12,	5,	21,	75,	1030.6
12,	6,	21,	10,	1084.82
12,	7,	11,	80,	1054.63
12,	8,	18,	33,	1040.67
12,	9,	18,	11,	1082.92
12,	10,	15,	47,	1055.04
12,	11,	23,	75,	1073.2
12,	12,	11,	27,	1044.05
12,	13,	24,	15,	1026.81
12,	14,	20,	77,	1000.96
12,	15,	11,	52,	1083.19
12,	16,	18,	15,	992.74
12,	17,	13,	56,	1063.92
12,	18,	25,	40,	1053.74
12,	19,	16,	55,	1070.45
12,	20,	13,	45,	1031.79
12,	21,	16,	69,	1030.99
12,	22,	21,	60,	991.36
12,	23,	13,	32,	1054.95
13,	0,	14,	10,	1007.17
13,	1,	18,	28,	1095.95
13,	2,	19,	62,	1076.06
13,	3,	17,	23,	1050.72
13,	4,	15,	27,	1030.86
13,	5,	22,	91,	1097.57
13,	6,	25,	45,	1060.62
13,	7,	25,	84,	1023.7
13,	8,	26,	98,	1083.28
13,	9,	28,	58,	1014.35
13,	10,	16,	44,	1059.93
13,	11,	21,	82,	1022.96
13,	12,	25,	22,	1073.95
13,	13,	15,	87,	1005.85
13,	14,	22,	91,	1019.45
13,	15,	10,	16,	1042.95
13,	16,	21,	65,	1081.43
13,	17,	12,	50,	1098.94
13,	18,	27,	76,	1030.43
13,	19,	10,	61,	1011.37
13,	20,	16,	100,	1014.4
13,	21,	24,	97,	1084.32
13,	22,	15,	15,	1054.99
13,	23,	17,	35,	1034.14
14,	0,	14,	24,	1046.09
14,	1,	22,	91,	1018.08
14,	2,	17,	72,	1067.68
14,	3,	14,	76,	998.01
14,	4,	18,	19,	997.24
14,	5,	18,	43,	1058.43
14,	6,	12,	64,	1000.79
14,	7,	11,	20,	1083.08
14,	8,	13,	93,	1032.97
14,	9,	27,	38,	1016.89
14,	10,	26,	29,	1021.23
14,	11,	20,	94,	1004.53
14,	12,	23,	62,	1070.78
14,	13,	20,	13,	1093.67
14,	14,	12,	72,	1054.48
14,	15,	11,	42,	995.97
14,	16,	16,	37,	1060.58
14,	17,	17,	95,	1046.18
14,	18,	21,	51,	1021.38
14,	19,	27,	58,	1047.29
14,	20,	24,	29,	1043.88
14,	21,	13,	66,	1063.31
14,	22,	11,	98,	1036.01
14,	23,	28,	61,	1010.19
15,	0,	17,	93,	1020.18
15,	1,	26,	89,	1047.02
15,	2,	25,	40,	1019.64
15,	3,	20,	58,	1031.52
15,	4,	28,	21,	1055.6
15,	5,	17,	17,	1037.88
15,	6,	25,	39,	1021.24
15,	7,	26,	94,	1029.05
15,	8,	25,	63,	1018.72
15,	9,	17,	77,	1075.24
15,	10,	21,	43,	1099.31
15,	11,	13,	69,	1055.71
15,	12,	23,	53,	1072.67
15,	13,	20,	56,	1057.83
15,	14,	22,	79,	1087.36
15,	15,	10,	97,	1062.13
15,	16,	21,	46,	1001.86
15,	17,	18,	46,	1091.89
15,	18,	27,	39,	1092.81
15,	19,	16,	50,	1095.57
15,	20,	18,	93,	992.28
15,	21,	28,	88,	1080.62
15,	22,	24,	12,	1012.62
15,	23,	15,	97,	1033.73
16,	0,	25,	96,	999.56
16,	1,	15,	97,	1059.46
16,	2,	25,	11,	1050.97
16,	3,	17,	97,	1006.68
16,	4,	23,	26,	1034.21
16,	5,	21,	50,	1048.83
16,	6,	24,	54,	1032.47
16,	7,	10,	77,	1010.89
16,	8,	12,	92,	1003.22
16,	9,	24,	24,	1023.07
16,	10,	16,	86,	1098.99
16,	11,	21,	44,	1072.75
16,	12,	24,	39,	991.5
16,	13,	14,	47,	1059.06
16,	14,	27,	65,	1021.87
16,	15,	12,	95,	1065.55
16,	16,	20,	28,	990.92
16,	17,	17,	34,	1007.16
16,	18,	26,	42,	1021.17
16,	19,	19,	99,	998.52
16,	20,	20,	23,	1011.68
16,	21,	21,	28,	1020.75
16,	22,	22,	20,	1057.08
16,	23,	18,	97,	1079.73
17,	0,	13,	75,	995.62
17,	1,	28,	35,	1081.34
17,	2,	28,	25,	1025.33
17,	3,	21,	45,	1025.86
17,	4,	12,	39,	1019.52
17,	5,	14,	74,	1079.17
17,	6,	16,	67,	1037.94
17,	7,	27,	44,	1026.24
17,	8,	10,	18,	1023.21
17,	9,	14,	74,	1049.06
17,	10,	14,	24,	1024.51
17,	11,	18,	80,	1093.43
17,	12,	12,	91,	1027.93
17,	13,	16,	44,	1088.81
17,	14,	26,	70,	1046.69
17,	15,	26,	79,	1080.13
17,	16,	12,	80,	1070.54
17,	17,	14,	28,	1088.73
17,	18,	14,	81,	1091.36
17,	19,	18,	23,	1066.12
17,	20,	27,	27,	1018.82
17,	21,	27,	59,	1009.57
17,	22,	19,	89,	1013.64
17,	23,	12,	66,	1034.49
18,	0,	19,	65,	1050.96
18,	1,	16,	29,	1097.72
18,	2,	16,	21,	1081.41
18,	3,	17,	68,	1035.44
18,	4,	17,	75,	1073.87
18,	5,	22,	81,	1043.59
18,	6,	11,	75,	990.29
18,	7,	28,	27,	1081.22
18,	8,	23,	66,	1003.25
18,	9,	18,	94,	1021.18
18,	10,	22,	45,	1062.51
18,	11,	13,	34,	994.65
18,	12,	15,	36,	1098.37
18,	13,	27,	81,	1082.14
18,	14,	23,	52,	1090.3
18,	15,	24,	23,	1092.13
18,	16,	20,	19,	997.52
18,	17,	26,	94,	1090.04
18,	18,	24,	89,	1038.94
18,	19,	25,	74,	1004.98
18,	20,	11,	67,	1044.55
18,	21,	20,	82,	1077.1
18,	22,	27,	57,	1013.67
18,	23,	16,	78,	993.3
19,	0,	20,	62,	1017.65
19,	1,	11,	49,	1037.2
19,	2,	25,	60,	997.11
19,	3,	27,	38,	1078.92
19,	4,	19,	97,	1083.91
19,	5,	14,	70,	1099.99
19,	6,	21,	60,	1044.68
19,	7,	27,	48,	1035.0
19,	8,	28,	19,	1081.79
19,	9,	11,	45,	1013.43
19,	10,	28,	11,	1056.44
19,	11,	12,	65,	1053.46
19,	12,	28,	93,	1099.83
19,	13,	27,	98,	1075.24
19,	14,	20,	50,	1019.53
19,	15,	23,	67,	1009.36
19,	16,	21,	26,	995.86
19,	17,	25,	71,	1098.91
19,	18,	25,	17,	1043.0
19,	19,	12,	40,	1006.77
19,	20,	11,	30,	1075.71
19,	21,	10,	99,	993.27
19,	22,	21,	10,	1048.53
19,	23,	14,	52,	1009.7
20,	0,	24,	50,	1071.27
20,	1,	27,	99,	998.55
20,	2,	22,	87,	1072.87
20,	3,	25,	46,	990.37
20,	4,	17,	75,	1006.82
20,	5,	12,	46,	995.03
20,	6,	13,	15,	1045.89
20,	7,	14,	97,	1098.74
20,	8,	13,	46,	1037.45
20,	9,	24,	39,	1015.32
20,	10,	24,	57,	1025.54
20,	11,	21,	97,	1053.54
20,	12,	12,	34,	1085.21
20,	13,	28,	58,	993.9
20,	14,	12,	69,	1073.11
20,	15,	25,	57,	1063.83
20,	16,	11,	26,	1040.34
20,	17,	19,	25,	1079.13
20,	18,	26,	92,	1023.42
20,	19,	15,	76,	1004.94
20,	20,	16,	71,	996.8
20,	21,	11,	47,	1027.51
20,	22,	22,	98,	1001.26
20,	23,	21,	91,	1051.57
21,	0,	22,	69,	1067.32
21,	1,	28,	48,	1075.05
21,	2,	16,	60,	1064.67
21,	3,	19,	77,	1061.38
21,	4,	25,	67,	1058.35
21,	5,	17,	32,	1028.89
21,	6,	25,	82,	1080.82
21,	7,	25,	12,	1005.58
21,	8,	12,	17,	1055.83
21,	9,	26,	78,	1074.89
21,	10,	10,	41,	1024.43
21,	11,	21,	92,	1070.63
21,	12,	12,	61,	1052.94
21,	13,	25,	59,	1022.37
21,	14,	18,	37,	1006.51
21,	15,	22,	70,	1040.77
21,	16,	11,	47,	1046.49
21,	17,	19,	23,	1056.65
21,	18,	24,	62,	1047.96
21,	19,	25,	28,	1092.2
21,	20,	28,	13,	1092.09
21,	21,	16,	80,	1082.46
21,	22,	16,	91,	990.01
21,	23,	11,	71,	1029.63
22,	0,	20,	45,	1030.87
22,	1,	23,	66,	1062.47
22,	2,	16,	69,	1046.24
22,	3,	20,	26,	1032.25
22,	4,	28,	21,	1058.37
22,	5,	18,	92,	1038.96
22,	6,	24,	81,	1055.55
22,	7,	28,	63,	1052.72
22,	8,	15,	63,	1040.79
22,	9,	28,	83,	1057.24
22,	10,	11,	41,	1075.01
22,	11,	15,	49,	1064.17
22,	12,	11,	82,	1064.5
22,	13,	24,	61,	1037.88
22,	14,	22,	57,	1073.69
22,	15,	17,	51,	994.01
22,	16,	14,	92,	1074.0
22,	17,	20,	81,	1028.62
22,	18,	12,	30,	1039.75
22,	19,	17,	67,	1029.94
22,	20,	22,	78,	1084.27
22,	21,	15,	56,	1048.22
22,	22,	13,	48,	1017.52
22,	23,	25,	94,	1080.33
23,	0,	14,	65,	1009.53
23,	1,	14,	38,	1037.62
23,	2,	17,	29,	1018.66
23,	3,	18,	21,	1016.42
23,	4,	10,	63,	1039.06
23,	5,	12,	34,	1094.39
23,	6,	14,	29,	1074.74
23,	7,	16,	38,	1008.65
23,	8,	17,	19,	1053.11
23,	9,	12,	10,	1023.58
23,	10,	17,	43,	1060.69
23,	11,	10,	27,	1062.87
23,	12,	20,	93,	1005.57
23,	13,	13,	84,	1014.35
23,	14,	12,	48,	1040.75
23,	15,	23,	51,	996.62
23,	16,	25,	41,	1012.2
23,	17,	24,	32,	1065.86
23,	18,	25,	89,	1077.15
23,	19,	21,	15,	1035.98
23,	20,	20,	76,	1068.98
23,	21,	15,	32,	1015.72
23,	22,	20,	32,	998.09
23,	23,	17,	67,	1059.95
24,	0,	14,	90,	1091.02
24,	1,	26,	14,	1044.83
24,	2,	28,	72,	1061.0
24,	3,	23,	98,	1020.67
24,	4,	22,	29,	1050.9
24,	5,	13,	16,	1049.95
24,	6,	20,	46,	1088.66
24,	7,	14,	98,	998.03
24,	8,	24,	86,	1029.56
24,	9,	17,	64,	998.58
24,	10,	28,	81,	1075.07
24,	11,	20,	54,	1027.36
24,	12,	11,	39,	1062.11
24,	13,	22,	53,	1010.22
24,	14,	18,	28,	993.32
24,	15,	20,	89,	1047.99
24,	16,	27,	20,	1075.35
24,	17,	17,	45,	1091.93
24,	18,	28,	29,	998.88
24,	19,	13,	56,	1093.78
24,	20,	19,	36,	1027.36
24,	21,	14,	42,	1004.52
24,	22,	28,	90,	1050.27
24,	23,	28,	72,	1065.25
25,	0,	24,	29,	1065.87
25,	1,	22,	30,	1027.72
25,	2,	19,	68,	1041.37
25,	3,	12,	92,	1072.4
25,	4,	25,	46,	997.59
25,	5,	11,	46,	1063.0
25,	6,	14,	68,	1009.76
25,	7,	11,	31,	995.76
25,	8,	23,	11,	1095.73
25,	9,	23,	65,	1008.72
25,	10,	28,	78,	1030.6
25,	11,	12,	38,	1018.57
25,	12,	19,	87,	1005.45
25,	13,	14,	62,	1073.66
25,	14,	18,	40,	1097.57
25,	15,	28,	95,	1070.64
25,	16,	21,	72,	1025.1
25,	17,	13,	93,	1044.82
25,	18,	17,	59,	1032.08
25,	19,	22,	86,	1069.67
25,	20,	24,	64,	1025.91
25,	21,	27,	35,	1088.95
25,	22,	11,	86,	1098.44
25,	23,	14,	50,	1003.25
26,	0,	14,	38,	1080.79
26,	1,	12,	83,	1056.02
26,	2,	17,	13,	1098.62
26,	3,	14,	24,	1001.85
26,	4,	18,	14,	1085.37
26,	5,	27,	71,	1027.69
26,	6,	19,	26,	1008.76
26,	7,	28,	37,	1087.6
26,	8,	23,	85,	1035.1
26,	9,	25,	33,	1017.94
26,	10,	25,	25,	993.18
26,	11,	10,	80,	1007.43
26,	12,	22,	54,	1099.56
26,	13,	14,	52,	1038.11
26,	14,	22,	49,	1010.51
26,	15,	26,	95,	1099.58
26,	16,	13,	88,	1086.63
26,	17,	20,	74,	1090.44
26,	18,	16,	95,	998.94
26,	19,	15,	63,	1063.11
26,	20,	12,	93,	1011.44
26,	21,	18,	99,	1014.79
26,	22,	16,	87,	1085.24
26,	23,	22,	86,	1095.3
27,	0,	15,	54,	1066.09
27,	1,	10,	42,	1016.78
27,	2,	19,	70,	1052.98
27,	3,	21,	75,	997.17
27,	4,	11,	37,	1077.61
27,	5,	19,	23,	1040.16
27,	6,	11,	19,	1024.33
27,	7,	11,	38,	1045.36
27,	8,	10,	89,	1026.11
27,	9,	20,	79,	1095.57
27,	10,	23,	81,	1068.95
27,	11,	11,	73,	1009.43
27,	12,	15,	11,	1027.22
27,	13,	10,	57,	1035.82
27,	14,	14,	55,	1024.79
27,	15,	28,	36,	1030.19
27,	16,	13,	80,	1026.06
27,	17,	13,	53,	1098.82
27,	18,	20,	25,	1023.98
27,	19,	19,	29,	1055.7
27,	20,	12,	39,	1030.83
27,	21,	10,	10,	990.08
27,	22,	22,	59,	993.79
27,	23,	12,	21,	1011.55
28,	0,	17,	86,	1022.62
28,	1,	10,	64,	1048.96
28,	2,	25,	73,	1046.57
28,	3,	15,	17,	994.77
28,	4,	28,	75,	991.34
28,	5,	15,	90,	1028.88
28,	6,	13,	56,	1025.63
28,	7,	17,	22,	1029.37
28,	8,	25,	36,	995.05
28,	9,	10,	42,	1030.8
28,	10,	15,	27,	1008.81
28,	11,	23,	59,	1063.69
28,	12,	10,	100,	1001.13
28,	13,	22,	41,	1030.91
28,	14,	28,	72,	1061.81
28,	15,	10,	32,	1077.48
28,	16,	27,	20,	1059.76
28,	17,	18,	26,	1099.93
28,	18,	21,	51,	1007.32
28,	19,	24,	13,	1085.93
28,	20,	28,	70,	1036.54
28,	21,	17,	78,	1082.86
28,	22,	18,	26,	993.22
28,	23,	12,	52,	1020.85
29,	0,	22,	48,	1097.28
29,	1,	22,	11,	1054.46
29,	2,	13,	91,	996.31
29,	3,	18,	58,	1045.77
29,	4,	10,	56,	994.22
29,	5,	28,	10,	1049.77
29,	6,	10,	36,	1048.59
29,	7,	10,	40,	997.09
29,	8,	22,	30,	1071.04
29,	9,	27,	52,	1027.59
29,	10,	21,	86,	1009.12
29,	11,	17,	34,	1090.65
29,	12,	10,	51,	1042.39
29,	13,	20,	75,	1025.35
29,	14,	18,	84,	1093.13
29,	15,	13,	45,	1052.39
29,	16,	23,	75,	1040.33
29,	17,	24,	17,	1010.1
29,	18,	28,	77,	1060.65
29,	19,	13,	65,	1031.77
29,	20,	11,	42,	1085.13
29,	21,	18,	47,	1029.54
29,	22,	23,	67,	1080.64
29,	23,	25,	78,	1008.69
30,	0,	13,	77,	1059.26
30,	1,	26,	29,	1035.82
30,	2,	15,	55,	1010.85
30,	3,	18,	88,	1027.77
30,	4,	14,	45,	1016.84
30,	5,	12,	52,	1020.27
30,	6,	23,	55,	994.37
30,	7,	25,	91,	1042.46
30,	8,	23,	12,	1084.39
30,	9,	24,	43,	1065.23
30,	10,	21,	45,	1011.31
30,	11,	20,	52,	1039.54
30,	12,	26,	29,	1057.02
30,	13,	19,	27,	1038.89
30,	14,	10,	96,	1069.74
30,	15,	16,	21,	1058.72
30,	16,	13,	15,	1044.84
30,	17,	19,	94,	1060.34
30,	18,	24,	91,	1023.47
30,	19,	19,	47,	1062.94
30,	20,	11,	99,	1071.08
30,	21,	14,	76,	1027.24
30,	22,	11,	39,	996.3
30,	23,	11,	89,	1066.06